[cam_0]
name = "cam1"
size = [ 1920, 1080,]
matrix = [ [ 1149.2511653843153, 0.0, 959.5,], [ 0.0, 1149.2511653843153, 539.5,], [ 0.0, 0.0, 1.0,],]
distortions = [ 0.04264642599772025, 0.0, 0.0, 0.0, 0.0,]
rotation = [ 0.012507201214187526, 0.01113527574292636, 0.008115780550592174,]
translation = [ -0.03615784956954782, 0.02418201557050146, -0.14151300634284633,]

[cam_1]
name = "cam2"
size = [ 1920, 1080,]
matrix = [ [ 1091.8767342592967, 0.0, 959.5,], [ 0.0, 1091.8767342592967, 539.5,], [ 0.0, 0.0, 1.0,],]
distortions = [ 0.029877410061149193, 0.0, 0.0, 0.0, 0.0,]
rotation = [ 0.10243332287203942, -0.9333133688264709, -0.23484140204322113,]
translation = [ 1.2859164562421812, -0.11884640025956324, 1.174122934271911,]

[cam_2]
name = "cam3"
size = [ 1920, 1080,]
matrix = [ [ 1160.3877146799405, 0.0, 959.5,], [ 0.0, 1160.3877146799405, 539.5,], [ 0.0, 0.0, 1.0,],]
distortions = [ 0.06193826703207799, 0.0, 0.0, 0.0, 0.0,]
rotation = [ -0.04097504511269284, -1.5473559493749627, -0.127442633574875,]
translation = [ 1.7818194738440365, -0.292414686747829, 1.6226362289930831,]

[cam_3]
name = "cam4"
size = [ 1920, 1080,]
matrix = [ [ 1184.4806413138274, 0.0, 959.5,], [ 0.0, 1184.4806413138274, 539.5,], [ 0.0, 0.0, 1.0,],]
distortions = [ 0.10936466419753856, 0.0, 0.0, 0.0, 0.0,]
rotation = [ 0.10658948414805555, -2.2257579676386925, -0.3003991049545609,]
translation = [ 0.9190208507444847, -0.3912633277230881, 3.1740818520491385,]

[cam_4]
name = "cam5"
size = [ 1920, 1080,]
matrix = [ [ 1170.5736500987773, 0.0, 959.5,], [ 0.0, 1170.5736500987773, 539.5,], [ 0.0, 0.0, 1.0,],]
distortions = [ 0.05087020853820724, 0.0, 0.0, 0.0, 0.0,]
rotation = [ 0.09314773158443965, -3.1134379272615433, -0.30897424845548094,]
translation = [ -0.059856393134504964, -0.3954047508694558, 2.9531907076223165,]

[metadata]
