[cam_0]
name = "cam1"
size = [ 1920, 1080,]
matrix = [ [ 1149.2511653843153, 0.0, 959.5,], [ 0.0, 1149.2511653843153, 539.5,], [ 0.0, 0.0, 1.0,],]
distortions = [ 0.04264642599772025, 0.0, 0.0, 0.0, 0.0,]
rotation = [ [ 0.0,], [ 0.0,], [ 0.0,],]
translation = [ 0.0, 0.0, 0.0,]

[cam_1]
name = "cam2"
size = [ 1920, 1080,]
matrix = [ [ 1091.8767342592967, 0.0, 959.5,], [ 0.0, 1091.8767342592967, 539.5,], [ 0.0, 0.0, 1.0,],]
distortions = [ 0.029877410061149193, 0.0, 0.0, 0.0, 0.0,]
rotation = [ [ 0.09348196438052646,], [ -0.9425328185036365,], [ -0.24894567983329485,],]
translation = [ 1.271807796514907, -0.11444206528743363, 1.1898227626369533,]

[cam_2]
name = "cam3"
size = [ 1920, 1080,]
matrix = [ [ 1160.3877146799405, 0.0, 959.5,], [ 0.0, 1160.3877146799405, 539.5,], [ 0.0, 0.0, 1.0,],]
distortions = [ 0.06193826703207799, 0.0, 0.0, 0.0, 0.0,]
rotation = [ [ -0.045364093188348886,], [ -1.5580208094084727,], [ -0.14353601743970484,],]
translation = [ 1.7612718240373544, -0.2863513487787144, 1.645982923648148,]

[cam_3]
name = "cam4"
size = [ 1920, 1080,]
matrix = [ [ 1184.4806413138274, 0.0, 959.5,], [ 0.0, 1184.4806413138274, 539.5,], [ 0.0, 0.0, 1.0,],]
distortions = [ 0.10936466419753856, 0.0, 0.0, 0.0, 0.0,]
rotation = [ [ 0.10746661132661053,], [ -2.234649681233228,], [ -0.3200268158944328,],]
translation = [ 0.8805499936565863, -0.35877397896844737, 3.1887920690942337,]

[cam_4]
name = "cam5"
size = [ 1920, 1080,]
matrix = [ [ 1170.5736500987773, 0.0, 959.5,], [ 0.0, 1170.5736500987773, 539.5,], [ 0.0, 0.0, 1.0,],]
distortions = [ 0.05087020853820724, 0.0, 0.0, 0.0, 0.0,]
rotation = [ [ -0.10432330611411877,], [ 3.122416735290231,], [ 0.330219844251492,],]
translation = [ -0.09581989397127584, -0.3578117615061767, 2.9570343845892606,]

[metadata]
